8902.88
8372.71
8351.78
8347.32
8351.01
8352.11
8347.21
8359.62
8367.34
8366.74
8368.51
8368.48
8424.76
8433.18
8431.77
8435.28
8430.61
8429.17
8425.03
8420.7
8417.27
8423.46
8420.03
8418.7
8417.49
8420.0
8425.2
8424.86
8424.58
8428.85
8425.86
8429.09
8423.72
8425.43
8432.91
8435.35
8434.9
8436.56
8440.0
8447.14
8447.91
8447.68
8454.26
8457.03
8474.23
8478.33
8462.2
8458.92
8471.47
8465.5
8465.29
8464.57
8469.29
8454.19
8452.45
8448.64
8449.83
8454.96
8454.65
8461.12
8467.42
8472.2
8478.19
8471.57
8470.01
8468.51
8465.37
8461.92
8462.95
8464.23
8469.33
8476.17
8483.92
8481.16
8475.98
8478.48
8483.0
8480.0
8479.27
8481.36
8481.48
8477.63
8472.98
8474.02
8475.86
8475.08
8479.02
8482.32
8490.0
8487.58
8489.86
8489.53
8495.25
8498.78
8494.51
8495.27
8496.85
8493.52
8490.82
8496.13
8492.14
8492.54
8487.1
8490.4
8493.47
8490.08
8489.53
8492.48
8490.38
8486.42
8480.0
8476.09
8480.5
8477.94
8475.32
8475.88
8478.55
8477.33
8484.4
8482.35
8484.26
8486.51
8477.7
8482.02
8487.81
8487.99
8490.31
8487.21
8488.09
8490.27
8492.09
8486.14
8491.19
8487.88
8489.2
8488.46
8482.09
8483.64
8479.99
8478.68
8481.89
8488.51
8489.48
8491.04
8498.67
8497.74
8493.77
8497.27
8500.09
8498.52
8502.22
8509.45
8511.14
8505.66
8507.99
8506.36
8500.03
8498.74
8495.8
8494.74
8504.99
8504.24
8508.26
8503.27
8504.06
8508.48
8513.66
8514.0
8515.35
8519.83
8508.66
8510.09
8507.48
8503.79
8501.66
8497.85
8492.81
8497.4
8505.0
8505.76
8505.34
8503.94
8506.68
8509.43
8510.02
8510.19
8511.83
8510.29
8509.83
8512.82
8513.0
8515.0
8524.73
8514.44
8508.35
8500.0
8501.64
8506.62
8510.0
8512.46
8514.27
8507.87
8515.5
8512.21
8510.44
8513.49
8513.25
8506.25
8493.04
8495.0
8492.0
8493.3
8487.27
8485.85
8492.61
8498.82
8502.96
8492.43
8494.98
8481.58
8477.88
8475.68
8474.9
8473.37
8477.87
8469.15
8480.79
8484.38
8475.17
8473.14
8468.67
8470.44
8478.33
8472.4
8470.34
8472.66
8470.89
8471.18
8467.06
8462.61
8476.43
8492.49
8491.92
8488.63
8479.64
8486.27
8480.55
8481.67
8485.46
8490.08
8486.09
8490.63
8489.8
8488.76
8490.62
8486.94
8479.66
8487.63
8486.49
8481.96
8483.36
8490.0
8494.8
8494.25
8497.38
8497.9
8372.3
8372.14
8367.12
8371.38
8370.17
8371.19
8371.69
8378.33
8379.99
8378.53
8379.85
8382.51
8387.34
8376.64
8382.31
8380.57
8382.14
8383.34
8384.24
8387.14
8385.99
8386.69
8392.71
8388.61
8385.73
8384.74
8380.92
8378.57
8384.93
8388.37
8388.0
8386.76
8392.04
8389.49
8386.26
8384.6
8380.71
8378.72
8377.93
8380.09
8378.31
8373.36
8374.05
8372.62
8377.15
8378.52
8377.46
8375.01
8374.75
8374.65
8376.13
8377.06
8377.6
8376.87
8379.34
8379.99
8388.95
8386.44
8385.03
8386.86
8387.04
8388.41
8388.77
8393.37
8390.34
8391.24
8388.52
8384.98
8383.51
8387.7
8386.04
8382.23
8382.67
8384.01
8382.67
8384.63
8384.86
8381.68
8380.0
8369.68
8369.7
8368.04
8360.75
8364.68
8359.85
8355.21
8367.15
8361.14
8359.65
8353.19
8356.18
8358.08
8356.8
8356.68
8354.87
8359.04
8358.51
8360.97
8360.05
8362.02
8361.04
8356.24
8357.01
8356.88
8355.47
8349.44
8418.25
8405.05
8406.1
8403.73
8398.44
8397.12
8398.43
8396.01
8405.57
8406.78
8405.8
8408.17
8417.55
8421.73
8455.23
8475.91
8460.63
8457.92
8450.19
8445.65
8456.03
8453.67
8461.08
8455.17
8452.47
8447.15
